20221119
20221118
20221117
20221116
20221115
20221114
20221113
20221123
20221122
20221121
20221120
20230101
20221209
20221208
20221207
20221129
20221206
20221128
20221205
20221127
20221204
20221126
20221203
20221125
20221202
20221124
20221201
20221211
20221210
20221130
20221219
20221218
20221217
20221216
20221215
20221214
20221213
20221212
20221222
20221221
20221220
20221109
20221108
20221229
20221107
20221228
20221227
20221226
20221225
20221224
20221223
20221112
20221111
20221110
20221231
20221230
20230102
20230103
20230104
20230105
20230106
20230107
20230108
20230109
20230110
20230111
20230112
20230113
20230115
20230114
20230116
20230121
20230120
20230119
20230118
20230117
20230123
20230122
20230124
20230127
20230126
20230129
20230128
20230125
20230130
20230131
20230204
20230203
20230202
20230201
20230208
20230207
20230209
20230226
20230225
20230206
20230228
20230205
20230227
20230222
20230221
20230224
20230301
20230223
20230220
20230219
20230218
20230215
20230214
20230217
20230216
20230211
20230210
20230213
20230212
20230303
20230302
20230304
20230307
20230306
20230308
20230305
20230309
20230314
20230313
20230315
20230310
20230312
20230311
20230317
20230316
20230318
20230319
20230321
20230320
20230322
20230324
20230323
20230325
20230326
20230330
20230329
20230328
20230401
20230327
20230331
20230406
20230405
20230402
20230404
20230403