20220309
20220308
20220307
20220306
20220305
20220304
20220303
20220302
20220301
20211201
20211203
20211202
20211205
20211204
20211207
20211206
20211209
20220319
20211208
20220318
20220317
20220316
20220315
20220314
20220313
20220312
20220311
20220310
20220320
20211210
20211212
20211211
20220129
20220128
20220127
20220402
20220126
20220401
20220125
20220124
20220123
20220131
20220130
20211115
20211114
20211117
20211116
20211119
20211118
20220109
20220108
20220107
20220228
20220106
20220227
20220105
20220226
20220104
20220225
20220103
20220224
20220102
20220223
20220101
20220222
20220111
20220110
20211120
20211122
20211121
20211124
20211123
20211126
20211125
20211128
20211127
20211129
20220119
20220118
20220117
20220116
20220115
20220114
20220113
20220112
20220122
20220121
20220120
20211130
20211214
20211213
20211216
20211215
20211218
20211217
20220209
20211219
20220208
20220329
20220207
20220328
20220206
20220327
20220205
20220326
20220204
20220325
20220203
20220324
20220202
20220323
20220201
20220322
20220321
20220210
20220331
20220330
20211221
20211220
20211223
20211222
20211225
20211224
20211227
20211226
20211229
20211228
20211109
20220219
20220218
20220217
20220216
20220215
20220214
20220213
20220212
20220211
20220221
20220220
20211230
20211111
20211110
20211231
20211113
20211112

20220403